baseline: 0.1
calibration_time: 2017-10-26-08-13-03
gain: 0.800000011920929
k: 27.0
limit: 1.0
radius: 0.0318
trim: -0.02500000037252903
